RiverTools ChannelProfile
 
Number of profile points: 158
 
          Distance             Slope     Col     Row     Longitude      Latitude
 
        0.00000000        0.00398672     109      96   36.05458333    7.88708333
        1.83789015        0.00000000     110      96   36.07125000    7.88708333
        4.44080353        0.00916332     109      95   36.05458333    7.90375000
        7.04366589        0.00000000     108      94   36.03791667    7.92041667
        9.64647675        0.00000000     109      93   36.05458333    7.93708333
       11.48973560        0.00000000     109      92   36.05458333    7.95375000
       13.33299637        0.00000000     109      91   36.05458333    7.97041667
       15.17625809        0.00000000     109      90   36.05458333    7.98708333
       17.01952171        0.00000000     109      89   36.05458333    8.00375000
       18.86278725        0.00000000     109      88   36.05458333    8.02041667
       20.70605278        0.00000000     109      87   36.05458333    8.03708333
       22.54932022        0.00000000     109      86   36.05458333    8.05375000
       24.39258957        0.00000000     109      85   36.05458333    8.07041667
       26.23586082        0.00000000     109      84   36.05458333    8.08708333
       28.83815384        0.00000000     110      83   36.07125000    8.10375000
       30.68142700        0.00000000     110      82   36.07125000    8.12041667
       32.52470398        0.00000000     110      81   36.07125000    8.13708333
       34.36798096        0.00466780     110      80   36.07125000    8.15375000
       36.97006226        0.00408177     111      79   36.08791667    8.17041667
       39.57209396        0.00134201     110      78   36.07125000    8.18708333
       42.17407227        0.03681132     111      77   36.08791667    8.20375000
       44.77599716        0.08513644     112      76   36.10458333    8.22041667
       46.61928177        0.03687127     112      75   36.10458333    8.23708333
       48.46256638        0.00257924     112      74   36.10458333    8.25375000
       50.29880142        0.00000000     111      74   36.08791667    8.25375000
       52.14208984        0.00605935     111      73   36.08791667    8.27041667
       54.74380112        0.01940514     112      72   36.10458333    8.28708333
       56.58709335        0.00625634     112      71   36.10458333    8.30375000
       59.18869781        0.00544459     111      70   36.08791667    8.32041667
       61.02462387        0.01930914     110      70   36.07125000    8.32041667
       63.62617493        0.07463896     109      69   36.05458333    8.33708333
       65.46946716        0.01852041     109      68   36.05458333    8.35375000
       68.07090759        0.00000000     108      67   36.03791667    8.37041667
       70.67229462        0.00000000     107      66   36.02125000    8.38708333
       73.27362823        0.00000000     106      65   36.00458333    8.40375000
       75.10916138        0.01578568     105      65   35.98791667    8.40375000
       77.71054840        0.00441813     104      66   35.97125000    8.38708333
       79.54616547        0.00358780     103      66   35.95458333    8.38708333
       81.38178253        0.01431696     102      66   35.93791667    8.38708333
       83.21739960        0.00101328     101      66   35.92125000    8.38708333
       85.05301666        0.00797335     100      66   35.90458333    8.38708333
       86.88863373        0.00000000      99      66   35.88791667    8.38708333
       88.72425079        0.00000000      98      66   35.87125000    8.38708333
       91.32569122        0.00633981      97      67   35.85458333    8.37041667
       93.16138458        0.00000000      96      67   35.83791667    8.37041667
       94.99707794        0.00000000      95      67   35.82125000    8.37041667
       96.83277130        0.00000000      94      67   35.80458333    8.37041667
       98.66846466        0.00000000      93      67   35.78791667    8.37041667
      100.50415802        0.00000000      92      67   35.77125000    8.37041667
      102.33985138        0.00000000      91      67   35.75458333    8.37041667
      104.94123840        0.02966568      90      66   35.73791667    8.38708333
      106.77685547        0.00396324      89      66   35.72125000    8.38708333
      109.37818909        0.00977555      88      65   35.70458333    8.40375000
      111.21372223        0.00000000      87      65   35.68791667    8.40375000
      113.05702209        0.00000000      87      64   35.68791667    8.42041667
      114.90032196        0.00000000      87      63   35.68791667    8.43708333
      117.50149536        0.00209598      86      62   35.67125000    8.45375000
      119.34480286        0.00000000      86      61   35.67125000    8.47041667
      121.18002319        0.00000000      85      61   35.65458333    8.47041667
      123.01524353        0.00000000      84      61   35.63791667    8.47041667
      125.61630249        0.02913391      83      60   35.62125000    8.48708333
      127.45144653        0.00536688      82      60   35.60458333    8.48708333
      130.05256653        0.00628690      81      61   35.58791667    8.47041667
      131.88778687        0.00000000      80      61   35.57125000    8.47041667
      133.72300720        0.00987440      79      61   35.55458333    8.47041667
      135.55822754        0.00309955      78      61   35.53791667    8.47041667
      137.39344788        0.00000000      77      61   35.52125000    8.47041667
      139.22866821        0.00327661      76      61   35.50458333    8.47041667
      141.06388855        0.01011100      75      61   35.48791667    8.47041667
      142.89910889        0.00000000      74      61   35.47125000    8.47041667
      145.50027466        0.00000000      73      62   35.45458333    8.45375000
      147.33557129        0.01007677      72      62   35.43791667    8.45375000
      149.17086792        0.00777848      71      62   35.42125000    8.45375000
      151.77198792        0.00000000      70      61   35.40458333    8.47041667
      153.60720825        0.00000000      69      61   35.38791667    8.47041667
      156.20826721        0.01126793      68      60   35.37125000    8.48708333
      158.80938721        0.00000000      67      61   35.35458333    8.47041667
      160.64460754        0.00000000      66      61   35.33791667    8.47041667
      163.24566650        0.00000000      65      60   35.32125000    8.48708333
      165.08081055        0.00000000      64      60   35.30458333    8.48708333
      166.91595459        0.00000000      63      60   35.28791667    8.48708333
      168.75109863        0.00000000      62      60   35.27125000    8.48708333
      170.58624268        0.01614293      61      60   35.25458333    8.48708333
      173.18725586        0.01179392      60      59   35.23791667    8.50375000
      175.02232361        0.03906151      59      59   35.22125000    8.50375000
      176.85739136        0.00000000      58      59   35.20458333    8.50375000
      178.69245911        0.00000000      57      59   35.18791667    8.50375000
      180.52752686        0.02203271      56      59   35.17125000    8.50375000
      182.36259460        0.00450734      55      59   35.15458333    8.50375000
      184.19766235        0.00000000      54      59   35.13791667    8.50375000
      186.04096985        0.00000000      54      60   35.13791667    8.48708333
      187.87611389        0.00000000      53      60   35.12125000    8.48708333
      189.71125793        0.00000000      52      60   35.10458333    8.48708333
      192.31227112        0.00000000      51      59   35.08791667    8.50375000
      194.14733887        0.00000000      50      59   35.07125000    8.50375000
      195.98240662        0.00000000      49      59   35.05458333    8.50375000
      198.58346558        0.00000000      48      60   35.03791667    8.48708333
      200.41860962        0.00000000      47      60   35.02125000    8.48708333
      203.01972961        0.01329802      46      61   35.00458333    8.47041667
      204.86303711        0.02782482      46      62   35.00458333    8.45375000
      207.46426392        0.00000000      45      63   34.98791667    8.43708333
      209.30757141        0.00000000      45      64   34.98791667    8.42041667
      211.15087891        0.00000000      45      65   34.98791667    8.40375000
      212.99417114        0.01510942      45      66   34.98791667    8.38708333
      215.59561157        0.00000000      44      67   34.97125000    8.37041667
      217.43890381        0.01946968      44      68   34.97125000    8.35375000
      219.28219604        0.00000000      44      69   34.97125000    8.33708333
      221.88380432        0.00000000      45      70   34.98791667    8.32041667
      223.72709656        0.02700226      45      71   34.98791667    8.30375000
      225.57038879        0.00000000      45      72   34.98791667    8.28708333
      227.41368103        0.02525127      45      73   34.98791667    8.27041667
      230.01550293        0.00607982      44      74   34.97125000    8.25375000
      231.85877991        0.00000000      44      75   34.97125000    8.23708333
      234.46070862        0.00000000      43      76   34.95458333    8.22041667
      236.30398560        0.03270617      43      77   34.95458333    8.20375000
      238.14726257        0.00000000      43      78   34.95458333    8.18708333
      239.98381042        0.00000000      42      78   34.93791667    8.18708333
      241.82035828        0.01071184      41      78   34.92125000    8.18708333
      243.65690613        0.00000000      40      78   34.90458333    8.18708333
      245.49345398        0.03934598      39      78   34.88791667    8.18708333
      247.33000183        0.00203904      38      78   34.87125000    8.18708333
      249.16654968        0.00000000      37      78   34.85458333    8.18708333
      251.00309753        0.00000000      36      78   34.83791667    8.18708333
      252.83964539        0.00000000      35      78   34.82125000    8.18708333
      255.44172668        0.00000000      34      79   34.80458333    8.17041667
      258.04376221        0.01041908      33      78   34.78791667    8.18708333
      259.88031006        0.00222347      32      78   34.77125000    8.18708333
      261.72360229        0.00000000      32      79   34.77125000    8.17041667
      263.56021118        0.00000000      31      79   34.75458333    8.17041667
      265.39682007        0.00000000      30      79   34.73791667    8.17041667
      267.23342896        0.00007635      29      79   34.72125000    8.17041667
      269.83557129        0.00000000      28      80   34.70458333    8.15375000
      272.43765259        0.01035215      27      79   34.68791667    8.17041667
      274.27426147        0.00040000      26      79   34.67125000    8.17041667
      276.87628174        0.00000000      25      78   34.65458333    8.18708333
      279.47827148        0.00066539      24      77   34.63791667    8.20375000
      282.08020020        0.00046777      23      76   34.62125000    8.22041667
      283.91659546        0.00000000      22      76   34.60458333    8.22041667
      286.51846313        0.00120790      21      75   34.58791667    8.23708333
      288.35476685        0.00242313      20      75   34.57125000    8.23708333
      290.19107056        0.00000000      19      75   34.55458333    8.23708333
      292.02737427        0.00000000      18      75   34.53791667    8.23708333
      294.62930298        0.00088763      17      76   34.52125000    8.22041667
      296.46569824        0.00000000      16      76   34.50458333    8.22041667
      299.06756592        0.00061477      15      75   34.48791667    8.23708333
      301.66949463        0.00006489      14      76   34.47125000    8.22041667
      303.50588989        0.00037150      13      76   34.45458333    8.22041667
      305.34228516        0.00118171      12      76   34.43791667    8.22041667
      307.17868042        0.00012055      11      76   34.42125000    8.22041667
      309.01507568        0.00033557      10      76   34.40458333    8.22041667
      310.85147095        0.00042447       9      76   34.38791667    8.22041667
      313.45346069        0.00020098       8      77   34.37125000    8.20375000
      316.05548096        0.00025354       7      78   34.35458333    8.18708333
      318.65756226        0.00000000       6      79   34.33791667    8.17041667
      321.25958252        0.00062332       5      78   34.32125000    8.18708333
      323.86166382        0.00046110       4      79   34.30458333    8.17041667
      326.46380615        0.00062305       3      80   34.28791667    8.15375000
      328.30050659        0.00001859       2      80   34.27125000    8.15375000
